Map6
1 1 1 1 S 1 
1 1 0 0 0 1 
G F # 0 F 1 
1 0 0 0 0 1 
1 H H 0 1 1 
1 1 1 1 1 1 
PU21 PR13 T4

Map6
1 1 1 1 1 1 
S 0 1 H 0 1 
1 0 1 H F 1 
1 0 0 # 0 1 
1 0 0 F 0 1 
1 1 G 1 1 1 
PU14 PR23 T5

Map6
1 1 1 1 1 1 
1 1 0 0 1 1 
G F 0 0 H 1 
1 0 0 0 0 S 
1 F 0 H # 1 
1 1 1 1 1 1 
PU21 PR13 T3

Map6
1 1 1 1 1 1 
1 1 0 0 H 1 
G F 0 0 0 1 
1 H 0 0 0 S 
1 # F 1 0 1 
1 1 1 1 1 1 
PU31 PR23 T3

Map8
1 1 1 1 1 1 1 1 
1 0 0 0 0 0 0 G 
1 # 0 0 F # # 1 
1 H 0 F # 0 H 1 
1 0 0 0 0 0 0 1 
1 0 F # # 0 0 1 
1 0 F 0 # 0 0 S 
1 1 1 1 1 1 1 1 
PR11 PR16 T1

Map8
1 1 1 1 1 1 1 1 
1 F 0 0 F 0 0 1 
1 0 0 0 0 0 0 1 
1 # 0 0 F 0 0 S 
1 0 1 0 0 0 H 1 
1 0 0 0 0 H 0 1 
1 1 F 0 0 0 0 1 
1 1 G 1 1 1 1 1 
PL12 PL35 T4

Map8
1 1 G 1 1 1 1 1 
1 H # 1 # # 0 1 
1 0 0 0 0 0 H 1 
1 # # 0 0 0 0 1 
1 # 0 0 # H # 1 
1 0 F 0 0 0 0 1 
1 0 0 0 0 0 0 S 
1 1 1 1 1 1 1 1 
PR61 PR16 T2

Map8
1 1 1 1 1 1 1 1 
1 0 1 0 0 # H 1 
1 0 0 0 # 0 F 1 
S 0 # 0 F 0 # 1 
1 1 0 0 1 1 0 G 
1 F 1 0 F F 0 1 
1 H 0 0 # H H 1 
1 1 1 1 1 1 1 1 
PU11 PU65 T3

Map8
1 1 1 1 1 1 1 1 
1 0 1 0 0 0 0 1 
1 0 0 0 1 0 0 G 
1 # H 0 # 0 F 1 
1 1 0 0 0 1 0 1 
1 H 0 1 1 # 0 S 
1 0 0 0 F 0 0 1 
1 1 1 1 1 1 1 1 
PD41 PD61 T4

Map8
1 1 1 1 1 1 1 1 
1 0 0 0 F 0 0 1 
1 H 0 0 0 0 1 1 
1 0 0 0 0 F 0 1 
1 0 0 0 # F # G 
1 H 0 F H H 0 1 
S 0 F F 0 0 0 1 
1 1 1 1 1 1 1 1 
PD61 PD63 T3

Map8
1 1 1 1 1 1 1 1 
1 # 0 H 0 0 0 1 
S 0 0 0 0 # 0 1 
1 0 0 # 0 0 0 1 
1 0 0 0 0 # H 1 
1 0 0 0 F 0 0 1 
1 # 0 0 0 F 0 1 
1 1 G 1 1 1 1 1 
PL12 PL32 T2

Map8
1 1 1 1 1 1 1 1 
1 0 0 0 0 0 0 S 
1 0 H 0 F F 0 1 
1 0 0 # H # 0 1 
1 1 # 0 0 0 0 1 
1 H 0 0 0 0 H 1 
1 F 0 1 # 0 0 G 
1 1 1 1 1 1 1 1 
PR11 PR56 T1

Map8
1 S 1 1 1 1 G 1 
1 0 0 0 0 H # 1 
1 0 H 1 0 0 0 1 
1 0 0 0 0 0 # 1 
1 0 0 0 0 1 H 1 
1 # 0 0 F 0 H 1 
1 F # 1 0 # # 1 
1 1 1 1 1 1 1 1 
PU11 PU62 T1

Map8
1 1 1 1 1 1 1 1 
1 1 0 0 0 0 0 1 
1 # 0 0 0 0 0 1 
1 H 0 0 # 0 0 1 
G 0 0 H # 0 F 1 
1 0 0 0 0 0 F 1 
1 1 0 0 H 0 0 1 
1 1 1 1 1 1 S 1 
PU23 PU25 T4

Map8
1 1 1 1 1 1 1 1 
1 0 0 # 0 0 0 1 
1 # 0 H 0 0 # 1 
1 # 0 0 # 0 0 1 
1 0 0 1 1 0 0 G 
1 0 0 # 0 # # 1 
1 0 0 0 0 0 0 1 
1 1 1 1 1 1 S 1 
PD33 PD63 T2

Map8
1 1 1 1 1 1 1 1 
1 F # 0 0 0 # 1 
1 F H 0 F # 0 1 
1 F # F 0 0 0 S 
1 0 1 1 0 0 # 1 
1 H F 0 H # H 1 
1 0 # 0 0 0 # 1 
1 G 1 1 1 1 1 1 
PR62 PR43 T4

Map8
1 S 1 1 1 1 1 1 
1 0 F H 0 0 0 1 
1 0 0 F 0 0 0 1 
1 0 0 F 0 0 0 1 
1 0 0 H 0 0 0 1 
G 0 0 0 H 0 0 1 
1 0 0 0 0 0 0 1 
1 1 1 1 1 1 1 1 
PU41 PU16 T2

Map8
1 1 1 1 1 1 1 1 
S # # F # # 0 1 
1 # F 0 1 0 1 1 
1 0 0 0 0 0 1 1 
1 F 0 1 0 # 1 1 
1 0 # 0 0 1 1 1 
1 # F 0 0 0 0 1 
1 1 1 1 1 1 G 1 
PL61 PL32 T4

Map8
1 1 1 1 1 1 1 1 
1 0 0 0 0 0 0 1 
1 # 0 0 1 H 0 1 
1 1 0 0 0 0 1 1 
1 1 0 0 0 # # 1 
S 0 # F 0 1 0 G 
1 0 1 # 0 0 0 1 
1 1 1 1 1 1 1 1 
PU43 PU66 T5

Map8
1 1 1 1 1 1 1 1 
1 F 0 0 0 1 F 1 
1 0 # # F 0 0 1 
1 0 0 0 0 H 0 G 
1 0 # 0 0 0 0 1 
1 H 1 0 F 0 0 1 
1 0 1 0 # 0 0 S 
1 1 1 1 1 1 1 1 
PD62 PD56 T3

Map8
1 1 1 1 1 1 1 1 
1 0 F 0 0 0 0 1 
1 0 0 0 F 0 F 1 
1 0 # # # 0 # 1 
1 F 0 0 0 # 0 1 
1 0 1 H 0 0 0 1 
1 0 0 F # # # 1 
1 1 G 1 S 1 1 1 
PR61 PR16 T5

Map8
1 G 1 1 1 1 1 1 
1 # 0 0 0 0 # 1 
1 1 0 0 0 # # 1 
1 0 1 0 1 0 0 1 
1 H 0 # 0 0 0 1 
S 0 F # 0 H 1 1 
1 0 0 H H 1 # 1 
1 1 1 1 1 1 1 1 
PL21 PL15 T2

Map8
1 1 1 1 1 1 1 1 
1 0 # 0 0 0 0 1 
1 0 0 0 F 0 0 1 
G 0 F 0 0 0 1 1 
1 0 0 0 0 1 F 1 
1 0 F 0 F 0 0 1 
1 0 0 # 0 H H 1 
1 1 S 1 1 1 1 1 
PU31 PU14 T4

Map8
1 1 1 1 1 1 1 1 
1 0 0 0 F 1 0 1 
1 0 0 # 0 0 0 1 
1 0 0 # # F 0 G 
1 # 0 0 0 0 0 1 
1 0 0 1 0 0 # 1 
1 0 # 0 H 0 1 1 
1 1 1 S 1 1 1 1 
PD12 PD36 T3

Map8
1 1 1 1 1 1 1 1 
1 0 0 # F 0 0 1 
1 0 0 F # F 0 S 
1 1 0 1 0 # 0 1 
1 0 0 1 0 F # 1 
1 F 0 0 0 0 0 1 
G # 0 H 1 1 F 1 
1 1 1 1 1 1 1 1 
PR61 PR12 T3

Map8
1 1 1 1 1 1 1 1 
1 0 F 0 0 0 0 1 
1 0 H F 0 H 0 1 
S 0 0 0 0 H 0 1 
1 1 0 1 0 0 1 1 
1 1 0 H 0 0 0 1 
G 0 0 0 0 0 1 1 
1 1 1 1 1 1 1 1 
PL13 PL16 T1

Map8
1 G 1 1 1 1 1 1 
1 0 1 H 0 1 0 1 
1 0 0 1 H 0 0 1 
1 0 H 0 0 0 0 1 
1 F 0 0 0 0 0 1 
1 0 0 0 0 0 0 1 
1 0 0 0 1 1 0 S 
1 1 1 1 1 1 1 1 
PD61 PD52 T4

Map8
1 S 1 1 1 1 1 1 
1 0 F 0 0 0 F 1 
1 1 0 0 0 0 0 1 
1 H 1 0 0 0 0 1 
1 0 # F 1 0 0 1 
1 0 1 0 0 0 0 1 
1 F # 0 0 0 0 G 
1 1 1 1 1 1 1 1 
PL31 PL43 T4

Map7
1 1 1 1 1 1 1 
1 0 0 0 0 0 1 
1 0 0 0 0 0 1 
1 0 0 1 0 0 G 
1 0 0 0 0 0 1 
1 0 F 0 F 0 1 
1 1 1 S 1 1 1 
T1

